reservoir,value
1,0.0
2,0.0
3,0.0
4,8055.878190057776
